1.5, 0.6582739382006433
1.51, 0.8395293825552258
1.52, 0.8860085173170063
1.53, 1.0806761481462093
1.54, 0.8598329347864653
1.55, 0.9382332792599095
1.56, 0.7092838605222622
1.57, 0.7129458653855489
1.58, 0.7641694255876711
1.59, 0.8557133843067112
1.6, 1.046236351593636
1.61, 0.8018185940417362
1.62, 0.8392236982892578
1.63, 0.6420055955460565
1.64, 0.7844402213137491
1.65, 0.690808069048356
1.66, 0.9490716098464886
1.67, 0.7057694618239859
1.68, 0.7828225499994313
1.69, 1.0328650822396872
1.7, 0.70713128226398
1.71, 0.9555695547981473
1.72, 0.7426623792465686
1.73, 0.5980488034857094
1.74, 0.6737272881609572
1.75, 0.6775106009352879
1.76, 0.7445534662363826
1.77, 1.1546733500733575
1.78, 0.648326263588572
1.79, 0.6829757596509538
1.8, 0.6880133656264315
1.81, 0.8172192262439658
1.82, 0.8965834343026435
1.83, 0.6956961134706092
1.84, 0.8935787341100324
1.85, 0.7351959455897819
1.86, 0.6633578323652675
1.87, 0.8348861695719092
1.88, 0.5863191705803177
1.89, 0.7361218304439652
1.9, 0.7606187662497701
1.91, 0.8614571857422905
1.92, 0.7172039602448618
1.93, 0.9737501669561165
1.94, 0.7661808730832017
1.95, 0.6251220332670234
1.96, 0.7909260507377041
1.97, 0.9265437920603635
1.98, 0.5640553814240732
1.99, 0.8691883134910859
2.0, 0.9275092461703808
2.01, 0.797369285735219
2.02, 0.5372602122866947
2.03, 0.7425089745969672
2.04, 0.8712313875815328
2.05, 0.7429906103289483
2.06, 0.6786991250998373
2.07, 0.6809816366558143
2.08, 0.6776226865744452
2.09, 0.7737835546242574
2.1, 0.5623555724496926
2.11, 0.8751102254421487
2.12, 0.7809815255136509
2.13, 0.509694131213207
2.14, 0.7860556181522502
2.15, 0.8312605616896667
2.16, 0.796566450808732
2.17, 0.6779410101789778
2.18, 0.6359447237393169
2.19, 0.9745132809925784
2.2, 0.8327508883796082
2.21, 0.8948791866427802
2.22, 0.9184996030489447
2.23, 0.7485020058977737
2.24, 0.7220948065613679
2.25, 0.7423638459895285
2.26, 0.7081281988670499
2.27, 0.7146577379084672
2.28, 0.7021194589289694
2.29, 0.6596210412132057
2.3, 0.63509823440006
2.31, 0.7882211086678944
2.32, 0.6501106060624473
2.33, 0.8089637811784604
2.34, 0.7429026491092037
2.35, 0.6887829378672545
2.36, 0.5215255257074197
2.37, 0.6307366396826448
2.38, 0.6747959996429788
2.39, 0.6844112495878868
2.4, 0.8806047849902731
2.41, 0.6975757777674404
2.42, 0.701662806124032
2.43, 0.7111665970372821
2.44, 0.5186594795024486
2.45, 0.6854488468041326
2.46, 0.7546443149881444
2.47, 0.6967865065576493
2.48, 0.5722220720075459
2.49, 0.5993680457041474
2.5, 0.9018297377046969
2.51, 0.7035151623573691
2.52, 0.7003479974429024
2.53, 0.5607194430655323
2.54, 0.6463900350988381
2.55, 0.6765574778466042
2.56, 0.7465388267320165
2.57, 0.7082468797597626
2.58, 0.8103123190183122
2.59, 0.6189752965688154
2.6, 0.6489420827345416
2.61, 0.7950333630948722
2.62, 0.6333131815082961
2.63, 0.7075472520008089
2.64, 0.7335669531439423
2.65, 0.793492321281458
2.66, 0.7217997917792417
2.67, 0.7036354218579703
2.68, 0.6541378928802233
2.69, 0.69278514530219
2.7, 0.5339047705357519
2.71, 0.557731620440836
2.72, 0.6021447336938623
2.73, 0.6353535889199028
2.74, 0.645384681026855
2.75, 0.656023932444953
2.76, 0.7266630316352821
2.77, 0.602720581469097
2.78, 0.6858933735081982
2.79, 0.7736057933097773
2.8, 0.744425189022132
2.81, 0.5882996934128703
2.82, 0.71702151093974
2.83, 0.7077568835235349
2.84, 0.761964845385844
2.85, 0.6079010680465894
2.86, 0.7177829830145164
2.87, 0.6919555901065216
2.88, 0.7573062594683703
2.89, 0.606476291845343
2.9, 0.4993156098697439
2.91, 0.6697768766645767
2.92, 0.6574619585516761
2.93, 0.6292443886755353
2.94, 0.6195000777989726
2.95, 0.6822180172383565
2.96, 0.6511236733926344
2.97, 0.7525724075787464
2.98, 0.6637095059824182
2.99, 0.612764984576781
3.0, 0.7184606731586547
3.01, 0.5632188239101055
3.02, 0.6271340769895813
3.03, 0.5852590460084587
3.04, 0.46980194458802765
3.05, 0.5343133778292967
3.06, 0.6724837143062222
3.07, 0.6475570113582121
3.08, 0.6022449519338055
3.09, 0.6125610170730634
3.1, 0.5795951957726366
3.11, 0.5056606465753978
3.12, 0.522947854729829
3.13, 0.6220932274257421
3.14, 0.5442195989271807
3.15, 0.6470346701051157
3.16, 0.5110763237567283
3.17, 0.6099753467347754
3.18, 0.6184613164146152
3.19, 0.6435548616736686
3.2, 0.5550260620626289
3.21, 0.56885206523789
3.22, 0.490445919374509
3.23, 0.5618320427716068
3.24, 0.5618367657373519
3.25, 0.5559918698766548
3.26, 0.526820453730901
3.27, 0.6167094483524288
3.28, 0.5123116449536177
3.29, 0.5144478888047024
3.3, 0.50216931217322
3.31, 0.48181578621962073
3.32, 0.5618565397294142
3.33, 0.6744005903937921
3.34, 0.618192926905234
3.35, 0.5903159947163064
3.36, 0.5418587235957697
3.37, 0.6143005063833583
3.38, 0.6130039640687054
3.39, 0.6662969375745041
3.4, 0.5493107416054201
3.41, 0.5443243330538685
3.42, 0.5391588135460839
3.43, 0.613886669593092
3.44, 0.5027638911888442
3.45, 0.5463165786777838
3.46, 0.4655408551854699
3.47, 0.487224697878107
3.48, 0.5791840909712771
3.49, 0.5440480200123301
3.5, 0.480637223437319
3.51, 0.6535194686688943
3.52, 0.6256934562684717
3.53, 0.6371151465093106
3.54, 0.46880988339379426
3.55, 0.6260501960423569
3.56, 0.6117017650918615
3.57, 0.5472011391361845
3.58, 0.5612747815122932
3.59, 0.5352446826605062
3.6, 0.5782095515670816
3.61, 0.6791801839488618
3.62, 0.6090753649911247
3.63, 0.5339351736527419
3.64, 0.5834969055390888
3.65, 0.5534844256848239
3.66, 0.6471141460624641
3.67, 0.4777928737056128
3.68, 0.6111327197691505
3.69, 0.5083658838511572
3.7, 0.5125086835540729
3.71, 0.5643308909547865
3.72, 0.5147180099438216
3.73, 0.5185676425973171
3.74, 0.5284736970194005
3.75, 0.45352458825663444
3.76, 0.50310492481112
3.77, 0.5282593580824991
3.78, 0.48049462106052265
3.79, 0.5048443239256066
3.8, 0.5645447895135118
3.81, 0.46459482261807356
3.82, 0.4763533294674346
3.83, 0.5268336635900259
3.84, 0.5099761407042865
3.85, 0.49595980691956065
3.86, 0.5549094701071587
3.87, 0.5923454301310259
3.88, 0.5487963806080017
3.89, 0.5259261979836152
3.9, 0.5916101254601718
3.91, 0.4799844682668043
3.92, 0.5438726041157478
3.93, 0.4927904846117116
3.94, 0.4577379682498091
3.95, 0.46097751421726285
3.96, 0.5349351709626116
3.97, 0.5030706127174419
3.98, 0.49097624084813046
3.99, 0.5718354000705081
4.0, 0.5335134468939138
4.01, 0.5096603448512667
4.02, 0.4910507240125692
4.03, 0.4930944422588287
4.04, 0.48472897684809135
4.05, 0.5629895921897151
4.06, 0.5034487691630818
4.07, 0.4672436674456206
4.08, 0.48927897951777305
4.09, 0.4531535502485955
4.1, 0.4912952826647693
4.11, 0.46798105322639083
4.12, 0.6104187740936285
4.13, 0.45287299383075735
4.14, 0.4826117042301003
4.15, 0.4509631539961077
4.16, 0.44960351275067234
4.17, 0.4324571806709473
4.18, 0.461687048907484
4.19, 0.5640631431914833
4.2, 0.5126402917000746
4.21, 0.47921536069039067
4.22, 0.4744334452250399
4.23, 0.472915634804157
4.24, 0.4448272779798538
4.25, 0.5541911979812694
4.26, 0.42353211710074007
4.27, 0.49347436475933015
4.28, 0.4590622589447508
4.29, 0.4617223336619175
4.3, 0.449829377883771
4.31, 0.5199663659927564
4.32, 0.47773844882768346
4.33, 0.5068842509356095
4.34, 0.4413374682335746
4.35, 0.48017924761480374
4.36, 0.5127712811418975
4.37, 0.46542221585199395
4.38, 0.4352659817715752
4.39, 0.5170552047419906
4.4, 0.41164304556647097
4.41, 0.5110949275716756
4.42, 0.41827953772079773
4.43, 0.4749851745729714
4.44, 0.49001564414539117
4.45, 0.4352083911785984
4.46, 0.3970462355934029
4.47, 0.4863110048476275
4.48, 0.423274253192701
4.49, 0.4935291616271868
4.5, 0.45747267884579995
4.51, 0.5230513360896292
4.52, 0.4221779654418033
4.53, 0.5635888354462614
4.54, 0.5160419352608924
4.55, 0.4679016409870976
4.56, 0.4345548813596347
4.57, 0.43807528838162213
4.58, 0.5123278851472511
4.59, 0.5518974366145414
4.6, 0.38699900913679103
4.61, 0.40033309090196967
4.62, 0.49827861605738405
4.63, 0.4412587526534426
4.64, 0.4333971934134612
4.65, 0.4091461679647448
4.66, 0.52194491364344
4.67, 0.5346385482690765
4.68, 0.43475767184141056
4.69, 0.4453806395200019
4.7, 0.37634498660626703
4.71, 0.4653961949646363
4.72, 0.44400782720559817
4.73, 0.4245690932795272
4.74, 0.5420797398102968
4.75, 0.4654636638572168
4.76, 0.43057959558956216
4.77, 0.4764118474163886
4.78, 0.39455247648318337
4.79, 0.49975643100228123
4.8, 0.42450183367554345
4.81, 0.44962647972780184
4.82, 0.42351954525930147
4.83, 0.45214583997802704
4.84, 0.5373089629424465
4.85, 0.4096010715928174
4.86, 0.46390133158954006
4.87, 0.45407196681254913
4.88, 0.46311592583587935
4.89, 0.4473121863306403
4.9, 0.44786617752702557
4.91, 0.5017259000590027
4.92, 0.403684721987053
4.93, 0.47923283984364534
4.94, 0.49993160501558476
4.95, 0.42566639248704125
4.96, 0.4713524492930781
4.97, 0.473407170743402
4.98, 0.4590504225501568
4.99, 0.5469691862329636
5.0, 0.5907976200845335
5.01, 0.48740050405117347
5.02, 0.44598632500824037
5.03, 0.4698033692792272
5.04, 0.46066894050531815
5.05, 0.4594250709854241
5.06, 0.37115982313619367
5.07, 0.40129544859620486
5.08, 0.4567825913698992
5.09, 0.43992961448239465
5.1, 0.47218377846548165
5.11, 0.45225198963118546
5.12, 0.4626543332493999
5.13, 0.4397381984454137
5.14, 0.45001507725887013
5.15, 0.41430776267666497
5.16, 0.46978818674926665
5.17, 0.4333284199295146
5.18, 0.3898952624552495
5.19, 0.4058592941581388
5.2, 0.4743961305378083
5.21, 0.39419376019306274
5.22, 0.42115723863999754
5.23, 0.42562788016153286
5.24, 0.469052314764741
5.25, 0.4793691421430086
5.26, 0.4453809959396391
5.27, 0.38051374478091543
5.28, 0.35451066000979564
5.29, 0.3553180846972091
5.3, 0.4453032886820054
5.31, 0.4563199777015968
5.32, 0.4518865622969902
5.33, 0.38315611422996787
5.34, 0.3856091350228857
5.35, 0.42471286115947304
5.36, 0.4275342144177565
5.37, 0.42318018984980227
5.38, 0.40500839282942275
5.39, 0.37150503134331725
5.4, 0.44126299065055646
5.41, 0.42437013862438955
5.42, 0.48526439618101713
5.43, 0.41270657971311797
5.44, 0.45659853038904613
5.45, 0.424052216804885
5.46, 0.4492033349753613
5.47, 0.45203245644250983
5.48, 0.4215846353814307
5.49, 0.4902258764179944
5.5, 0.42808097479372226
5.51, 0.4208360333659818
5.52, 0.4034393139364338
5.53, 0.45040491845022956
5.54, 0.49659173064937584
5.55, 0.5121642368094899
5.56, 0.4340257197902768
5.57, 0.37252898334476947
5.58, 0.3457271567219975
5.59, 0.45614778023462815
5.6, 0.4848393416954318
5.61, 0.42296694567421733
5.62, 0.4357471406449719
5.63, 0.4674574590735503
5.64, 0.42523152860770386
5.65, 0.44218947673612424
5.66, 0.4238418636978159
5.67, 0.4123967672538813
5.68, 0.4544414397158868
5.69, 0.45326352253300595
5.7, 0.4314029002985408
5.71, 0.41458208983305256
5.72, 0.4911365761442862
5.73, 0.4656139382134613
5.74, 0.4222086544168423
5.75, 0.4563965613378718
5.76, 0.36029507013376194
5.77, 0.4352362177754173
5.78, 0.4427415902209615
5.79, 0.42481938937366787
5.8, 0.4218862052216672
5.81, 0.45480407450820354
5.82, 0.39582890330371745
5.83, 0.44438553934858643
5.84, 0.465900767456925
5.85, 0.45539855306641897
5.86, 0.43557487983256604
5.87, 0.41071956674798
5.88, 0.41943251351260225
5.89, 0.4378211252225771
5.9, 0.4325665072566205
5.91, 0.43038188155566326
5.92, 0.4236298837880135
5.93, 0.4311046500912138
5.94, 0.46691676965572654
5.95, 0.4139140715728048
5.96, 0.39811998577764596
5.97, 0.3926349812512262
5.98, 0.447783010413937
5.99, 0.4255002615846281
6.0, 0.0
6.01, 0.0
6.02, 0.0
6.03, 0.0
6.04, 0.0
6.05, 0.0
6.06, 0.0
6.07, 0.0
6.08, 0.0
6.09, 0.0
6.1, 0.0
6.11, 0.0
6.12, 0.0
6.13, 0.0
6.14, 0.0
6.15, 0.0
6.16, 0.0
6.17, 0.0
6.18, 0.0
6.19, 0.0
6.2, 0.0
6.21, 0.0
6.22, 0.0
6.23, 0.0
6.24, 0.0
6.25, 0.0
6.26, 0.0
6.27, 0.0
6.28, 0.0
6.29, 0.0
6.3, 0.0
6.31, 0.0
6.32, 0.0
6.33, 0.0
6.34, 0.0
6.35, 0.0
6.36, 0.0
6.37, 0.0
6.38, 0.0
6.39, 0.0
6.4, 0.0
6.41, 0.0
6.42, 0.0
6.43, 0.0
6.44, 0.0
6.45, 0.0
6.46, 0.0
6.47, 0.0
6.48, 0.0
6.49, 0.0
6.5, 0.0
