2.0, 0.8979288943676171
2.01, 0.6062647721947223
2.02, 0.6222092097689548
2.03, 0.6488615040346655
2.04, 0.6369634359207691
2.05, 0.6796732046258771
2.06, 0.5303988132288836
2.07, 0.883574554425384
2.08, 0.8665841442128492
2.09, 0.5994621380336884
2.1, 0.6217855692903992
2.11, 0.7317770976137272
2.12, 0.7937439381655492
2.13, 0.8705744989123415
2.14, 0.7281037516307983
2.15, 0.5847487624760885
2.16, 0.7455599255116578
2.17, 0.7571453167635919
2.18, 0.8639543784885276
2.19, 0.7374285900901303
2.2, 0.5993472572571752
2.21, 0.5990644100246485
2.22, 0.7234902851471569
2.23, 0.8509918538913342
2.24, 0.6011883780585559
2.25, 0.5566113391095993
2.26, 0.8596040810656307
2.27, 0.7484882032915127
2.28, 0.816833386208492
2.29, 0.9999195337786247
2.3, 0.782750569634258
2.31, 0.6594683122538622
2.32, 0.7137572716947369
2.33, 0.6790345895933989
2.34, 0.8272120877100528
2.35, 0.6138032052903057
2.36, 0.7074186695790647
2.37, 0.7062515174159187
2.38, 0.6926718313131534
2.39, 0.6845135598167501
2.4, 0.5964142828351228
2.41, 0.728501085548712
2.42, 0.713876016709268
2.43, 0.6586078635717117
2.44, 0.5279742455632982
2.45, 0.8209282001393228
2.46, 0.6738319192349558
2.47, 0.643710725474256
2.48, 0.7552924065152833
2.49, 0.6455914185580947
2.5, 0.7443090748105939
2.51, 0.762268642428679
2.52, 0.7086046414773817
2.53, 0.6922873008935553
2.54, 0.6384349730070359
2.55, 0.6245363027205542
2.56, 0.6585045062508881
2.57, 0.6752760650075568
2.58, 0.615509056367769
2.59, 0.6042563779786893
2.6, 0.6395721431625034
2.61, 0.6564196667744862
2.62, 0.7135636543672305
2.63, 0.8260575539551648
2.64, 0.8646584779780827
2.65, 0.7040052963828408
2.66, 0.7266236704048002
2.67, 0.8257346381675279
2.68, 0.6224925967767404
2.69, 0.9187041778570811
2.7, 0.7804479400105666
2.71, 0.7354288736698312
2.72, 0.6901784405257334
2.73, 0.6567601895740786
2.74, 0.6566497427150066
2.75, 0.6216676360108343
2.76, 0.5059165366235371
2.77, 0.8597044147197838
2.78, 0.5942796824767299
2.79, 0.6085144729538835
2.8, 0.6676220780993913
2.81, 0.5551018297876307
2.82, 0.6343044817016986
2.83, 0.7240999267320768
2.84, 0.6669000471889946
2.85, 0.7160129246716876
2.86, 0.6215018273427458
2.87, 0.6190245828019223
2.88, 0.5151062976442321
2.89, 0.6290369146381034
2.9, 0.585334941918169
2.91, 0.7037317546470708
2.92, 0.6927125706792915
2.93, 0.6915696738212963
2.94, 0.6166867113250605
2.95, 0.5175904766489027
2.96, 0.46519776145523595
2.97, 0.6256112314877473
2.98, 0.5976926279151781
2.99, 0.5247169092487822
3.0, 0.6785734407178131
3.01, 0.6550077012957347
3.02, 0.6658895615246174
3.03, 0.6489901289354635
3.04, 0.49213972277952195
3.05, 0.6687856707259476
3.06, 0.6923580266371688
3.07, 0.6784471504666857
3.08, 0.7240674629447644
3.09, 0.5841963030487621
3.1, 0.6606407315791942
3.11, 0.5468340101444821
3.12, 0.7065627024878641
3.13, 0.8366829128693378
3.14, 0.8220320323405184
3.15, 0.7194865648624557
3.16, 0.6440720039414578
3.17, 0.47949485616171944
3.18, 0.6282641697715543
3.19, 0.48544992295673994
3.2, 0.755451476810225
3.21, 0.5772138713017095
3.22, 0.5362525982277782
3.23, 0.5505900547124637
3.24, 0.6226553275853953
3.25, 0.7124264802974535
3.26, 0.5835581642394116
3.27, 0.6086154948398691
3.28, 0.6828348008802323
3.29, 0.5503254209691012
3.3, 0.6774344702391351
3.31, 0.6642819295513936
3.32, 0.5675801175999461
3.33, 0.6723182560117476
3.34, 0.6639447231426765
3.35, 0.6668540477751792
3.36, 0.7102019514654466
3.37, 0.5691786585992441
3.38, 0.604953402761718
3.39, 0.5646463807516559
3.4, 0.529100064612109
3.41, 0.5244223079032789
3.42, 0.7209621260572009
3.43, 0.7371933164038749
3.44, 0.5505026272032565
3.45, 0.6112097676601972
3.46, 0.6507666242872016
3.47, 0.6025837285592448
3.48, 0.6576656484049476
3.49, 0.5952433582121187
3.5, 0.6195021581818032
3.51, 0.7557249349347847
3.52, 0.7036835015154516
3.53, 0.5431248957610482
3.54, 0.7127677138414562
3.55, 0.6054130929040554
3.56, 0.6585450309365468
3.57, 0.6057226725095057
3.58, 0.5932191211990461
3.59, 0.7259669851174999
3.6, 0.5799660148581268
3.61, 0.7144267358368237
3.62, 0.6410422702885882
3.63, 0.6677010850784082
3.64, 0.6336909680457568
3.65, 0.5981333336635134
3.66, 0.5592240972461759
3.67, 0.5996557464473788
3.68, 0.5922764592994672
3.69, 0.5516750737185023
3.7, 0.5816469284465683
3.71, 0.5554632367555064
3.72, 0.8170403627368
3.73, 0.6954493981700502
3.74, 0.5629901046595868
3.75, 0.6210739869203644
3.76, 0.5933200758632937
3.77, 0.4686478831843991
3.78, 0.5267419653906087
3.79, 0.629851881109264
3.8, 0.6059352219091626
3.81, 0.49735965434139245
3.82, 0.6670916883344148
3.83, 0.6341430655626599
3.84, 0.5375206804230573
3.85, 0.514257270688413
3.86, 0.4944133912206103
3.87, 0.5792417720540295
3.88, 0.5372539862797869
3.89, 0.5120166401031397
3.9, 0.5506345331145432
3.91, 0.5833268562827083
3.92, 0.4350502134692956
3.93, 0.5654524226518782
3.94, 0.6707345458345343
3.95, 0.5374656531726636
3.96, 0.4773631574472926
3.97, 0.49733978714785815
3.98, 0.5304655172016846
3.99, 0.6268029979038892
4.0, 0.6428995134416016
4.01, 0.7676431356115561
4.02, 0.6562064731947258
4.03, 0.4752662800326715
4.04, 0.5260498493487502
4.05, 0.4980347525851018
4.06, 0.6696439307939595
4.07, 0.6635521363095586
4.08, 0.5251511338919883
4.09, 0.5828435803922934
4.1, 0.5651178662104306
4.11, 0.614325092809697
4.12, 0.579380079274482
4.13, 0.6185739441040595
4.14, 0.6534132418119396
4.15, 0.5382889816915432
4.16, 0.5623495690984612
4.17, 0.49418005837543993
4.18, 0.5222533612726765
4.19, 0.5704247787504231
4.2, 0.5275037980802444
4.21, 0.4907838849251991
4.22, 0.5399249959932365
4.23, 0.5326805036432898
4.24, 0.5920882642001218
4.25, 0.5129109617235588
4.26, 0.8353026759492845
4.27, 0.5813726886542285
4.28, 0.6173966379325364
4.29, 0.6011635349704854
4.3, 0.6046674159046125
4.31, 0.5240747229520594
4.32, 0.5614046746254742
4.33, 0.6225170662103068
4.34, 0.6009937906396124
4.35, 0.5305798264345205
4.36, 0.4685624442161877
4.37, 0.5443699626738371
4.38, 0.5204548571863524
4.39, 0.47080407593035256
4.4, 0.5413751166018701
4.41, 0.5449496721268237
4.42, 0.4188160638098348
4.43, 0.6352321939101989
4.44, 0.5803271480346296
4.45, 0.4915413526288245
4.46, 0.557189214797133
4.47, 0.5310344693779647
4.48, 0.46794568882783916
4.49, 0.5790724742614027
4.5, 0.5993165211873446
4.51, 0.513117276221828
4.52, 0.5692647529782207
4.53, 0.45585159738670866
4.54, 0.6008547600907322
4.55, 0.5751986815451374
4.56, 0.5493372518851931
4.57, 0.5903159344270987
4.58, 0.5004911905342028
4.59, 0.5671786889235513
4.6, 0.5271890500416787
4.61, 0.4639818984313666
4.62, 0.574646461844167
4.63, 0.6811259625119751
4.64, 0.5305953759634406
4.65, 0.5296814319496906
4.66, 0.5379919873222968
4.67, 0.6292244039453191
4.68, 0.5110387867766277
4.69, 0.5326573436842383
4.7, 0.50955855671545
4.71, 0.5340557790882835
4.72, 0.49737316620528293
4.73, 0.5074212115058373
4.74, 0.431283415296643
4.75, 0.5116368044910242
4.76, 0.4837476867860305
4.77, 0.5277858738712935
4.78, 0.5316325045192074
4.79, 0.5078002105154166
4.8, 0.48701195582537615
4.81, 0.518999864143521
4.82, 0.5354793087878436
4.83, 0.5488136454760473
4.84, 0.5412171061993751
4.85, 0.49719062088543264
4.86, 0.5253639354999413
4.87, 0.5392707807893983
4.88, 0.548089011356498
4.89, 0.5909793244840825
4.9, 0.5109876995565503
4.91, 0.5138319630119944
4.92, 0.5005492508554664
4.93, 0.44144957642159405
4.94, 0.45115486013364087
4.95, 0.4228720077688651
4.96, 0.6299757936148178
4.97, 0.5385084786512234
4.98, 0.49511324063865175
4.99, 0.500048869649124
5.0, 0.6118387283582355
5.01, 0.58863517425037
5.02, 0.5204541697263204
5.03, 0.47389376736788097
5.04, 0.4700254672188333
5.05, 0.47989579950846073
5.06, 0.5636531980735642
5.07, 0.5356119182161034
5.08, 0.5233993784354611
5.09, 0.49043071183335724
5.1, 0.5086545296956263
5.11, 0.5281608453843741
5.12, 0.4771464384136794
5.13, 0.44496073714890777
5.14, 0.6205998584924919
5.15, 0.45105928429151015
5.16, 0.5465181906728701
5.17, 0.501701813783331
5.18, 0.5636214946274738
5.19, 0.41239603655148876
5.2, 0.47899175494947754
5.21, 0.4812832312011903
5.22, 0.45155710792055465
5.23, 0.47116757476621873
5.24, 0.4368037381288155
5.25, 0.5873164958893607
5.26, 0.4865279885261039
5.27, 0.5304196747587456
5.28, 0.4839729893687979
5.29, 0.4635715749898743
5.3, 0.5334475349429465
5.31, 0.45181894601741085
5.32, 0.5173947405886732
5.33, 0.5323723841337653
5.34, 0.47979274455618626
5.35, 0.41681458609304856
5.36, 0.4418025370537088
5.37, 0.3847032428836033
5.38, 0.48263865802039263
5.39, 0.5518097273025713
5.4, 0.5704663391205514
5.41, 0.5728293117892436
5.42, 0.5445441791657253
5.43, 0.515579840231944
5.44, 0.5564603449234579
5.45, 0.45423146059651254
5.46, 0.5056200834058242
5.47, 0.5036659370330608
5.48, 0.49330152805882177
5.49, 0.455907293319934
5.5, 0.507310785845258
5.51, 0.43473153113012813
5.52, 0.5624523013882573
5.53, 0.4735777960882653
5.54, 0.47434585527860346
5.55, 0.5264015454912812
5.56, 0.48966233188890673
5.57, 0.4865701886983997
5.58, 0.4110529056439922
5.59, 0.4919308784385365
5.6, 0.5469472040117203
5.61, 0.4957286334382961
5.62, 0.4930237664022368
5.63, 0.5899896526260191
5.64, 0.5207331198909477
5.65, 0.4612203641018939
5.66, 0.4511223420636486
5.67, 0.5035439527490375
5.68, 0.4981719389875525
5.69, 0.5227560130402523
5.7, 0.6210768674690181
5.71, 0.4764451459578412
5.72, 0.4491312852002147
5.73, 0.5137460059070745
5.74, 0.49600991538224687
5.75, 0.4647785891677546
5.76, 0.46686762473210347
5.77, 0.5083302475343846
5.78, 0.6577663080077798
5.79, 0.4490411787735596
5.8, 0.5258892628283727
5.81, 0.4595585556362261
5.82, 0.5364825922484426
5.83, 0.522126765574834
5.84, 0.46060690071192817
5.85, 0.455916603333201
5.86, 0.4798190324861377
5.87, 0.5038180235990157
5.88, 0.623558893751737
5.89, 0.5259062025233324
5.9, 0.5276787692551809
5.91, 0.5387687166973604
5.92, 0.3786846102179356
5.93, 0.6101153930675856
5.94, 0.4300273700707063
5.95, 0.545805072977694
5.96, 0.47720615221891416
5.97, 0.42590747502584686
5.98, 0.5191678833191495
5.99, 0.5507669251903753
6.0, 0.4904400961918125
6.01, 0.4357272098892607
6.02, 0.47238189678396936
6.03, 0.41741674786926464
6.04, 0.4787203831654383
6.05, 0.43192956443144315
6.06, 0.527486366264692
6.07, 0.4790434450065068
6.08, 0.5558280956108003
6.09, 0.4272842214339986
6.1, 0.4310335386816036
6.11, 0.40180657911773504
6.12, 0.5268861773400558
6.13, 0.4914114217802939
6.14, 0.43479253353690694
6.15, 0.44407463801841235
6.16, 0.5543210622389367
6.17, 0.4624021539231758
6.18, 0.4803061077826294
6.19, 0.5055083979909606
6.2, 0.5105539842521557
6.21, 0.5522054117705053
6.22, 0.5647060508168404
6.23, 0.48460323315575127
6.24, 0.4073983043169711
6.25, 0.4999657665277296
6.26, 0.5135077294143187
6.27, 0.5387029744505951
6.28, 0.47843045093217684
6.29, 0.44006342117554215
6.3, 0.4955612479966378
6.31, 0.45728035857915433
6.32, 0.4540077920275061
6.33, 0.4696248594294525
6.34, 0.42573274591998306
6.35, 0.3994593050284994
6.36, 0.3960151504855491
6.37, 0.44918378386165786
6.38, 0.49922749288289153
6.39, 0.4470695012852802
6.4, 0.47867711504941884
6.41, 0.48273494051660126
6.42, 0.48288968179689146
6.43, 0.41767813968984835
6.44, 0.49872407966074095
6.45, 0.5101909255556778
6.46, 0.39198652457602323
6.47, 0.4501819559490465
6.48, 0.44894096803965555
6.49, 0.5232108062533192
6.5, 0.5325635255217727
6.51, 0.4838731995326604
6.52, 0.47685497547269484
6.53, 0.43274764477242983
6.54, 0.46240362523579764
6.55, 0.38405175956106574
6.56, 0.41991795655185354
6.57, 0.45990057820210417
6.58, 0.5095657427289713
6.59, 0.4569520429083094
6.6, 0.540818127371766
6.61, 0.5920299905701253
6.62, 0.4546750823996311
6.63, 0.4577912622722014
6.64, 0.4804851188088455
6.65, 0.6288477577126861
6.66, 0.4932919107801269
6.67, 0.4932715197490433
6.68, 0.5008957756771625
6.69, 0.4790644556488663
6.7, 0.44914613032861567
6.71, 0.48509725404197646
6.72, 0.5390531311631108
6.73, 0.4156790845468566
6.74, 0.4682720297980951
6.75, 0.44303960337344395
6.76, 0.4836818748138976
6.77, 0.38412596918445335
6.78, 0.41226877276339596
6.79, 0.4642609809515216
6.8, 0.5452411648515292
6.81, 0.4723335789387492
6.82, 0.38630749067743503
6.83, 0.4543519278631465
6.84, 0.4569162861472595
6.85, 0.4005223155331579
6.86, 0.5406875841835557
6.87, 0.4711983265596207
6.88, 0.4651760429286828
6.89, 0.5490740557470905
6.9, 0.42792137408380165
6.91, 0.4211893878873989
6.92, 0.4995912761555708
6.93, 0.5399081339548292
6.94, 0.47457616045001655
6.95, 0.44444898020720564
6.96, 0.40333453030917304
6.97, 0.4859727133566401
6.98, 0.45203610865479005
6.99, 0.4964940774272887
7.0, 0.4748703887369427
