2.0, 2.2901045889945526
2.01, 0.7305855730780949
2.02, 0.900639813433875
2.03, 1.5044187100184614
2.04, 1.0894038725088053
2.05, 1.8085189456863615
2.06, 1.8477045764946607
2.07, 2.259848440917752
2.08, 2.999377223410211
2.09, 1.0162159360333842
2.1, 0.7936382053310765
2.11, 1.8170471240324972
2.12, 2.3904013872479863
2.13, 2.4590124666344306
2.14, 1.3626900641541428
2.15, 1.401957684899391
2.16, 1.5335226849569707
2.17, 2.5276212681993875
2.18, 2.7221508771825564
2.19, 2.177778798328072
2.2, 0.8870215169893781
2.21, 1.1178414664463645
2.22, 1.8980393755438003
2.23, 2.009834930026684
2.24, 1.5759255438355126
2.25, 1.0542958774384934
2.26, 2.3806418616475042
2.27, 2.6526426053273338
2.28, 2.4888271496585457
2.29, 2.5489367719369045
2.3, 1.4559547902411978
2.31, 1.3958172401348234
2.32, 1.9364875451773638
2.33, 1.3610668042622767
2.34, 2.958864817248777
2.35, 0.9872927842536927
2.36, 1.147588925775312
2.37, 1.8404297867158081
2.38, 1.0699235175299011
2.39, 1.1812130704035675
2.4, 1.6256435956070001
2.41, 1.840833061811254
2.42, 1.6859980782978632
2.43, 1.2608798687061176
2.44, 0.9073523092039736
2.45, 2.2432751626762304
2.46, 1.2974088997899016
2.47, 1.0802190139793597
2.48, 1.6308201880992035
2.49, 1.178336428036614
2.5, 2.4345064455466874
2.51, 3.203884419948393
2.52, 1.2425630743984708
2.53, 1.849349693517328
2.54, 1.068475197557573
2.55, 1.7011642784255807
2.56, 2.0838870701589935
2.57, 1.300448916469541
2.58, 0.9484679734587728
2.59, 1.2266108818666899
2.6, 1.2389089981282444
2.61, 1.885564599380302
2.62, 1.7665275782228567
2.63, 1.9880244946837304
2.64, 2.8878080208059353
2.65, 1.4613141938141656
2.66, 1.7985839566530717
2.67, 2.02620796836608
2.68, 1.434163005697689
2.69, 4.281408508191452
2.7, 1.7372994697548836
2.71, 1.3059710652970122
2.72, 1.3276542164734177
2.73, 1.1605894766034628
2.74, 1.405694564963766
2.75, 1.178650762619716
2.76, 0.6997538998019716
2.77, 1.9939903322842836
2.78, 1.0856340160179445
2.79, 1.2007687038983517
2.8, 1.4963950529394303
2.81, 0.9397992945824447
2.82, 1.057141318731026
2.83, 1.6521635777772012
2.84, 1.9228296178928972
2.85, 2.201190649890758
2.86, 1.4265520486661025
2.87, 1.2673376431468084
2.88, 0.7691921018122149
2.89, 1.0726104076368554
2.9, 0.9257756882628713
2.91, 1.624798828650849
2.92, 2.1110423503724363
2.93, 1.818709331456843
2.94, 1.1042932420374323
2.95, 1.8566890359443247
2.96, 0.41443731326401534
2.97, 1.8469841013464268
2.98, 1.1626718381702295
2.99, 1.1001334925272501
3.0, 1.147583576267633
3.01, 1.5847396358036085
3.02, 1.6289760927607693
3.03, 1.9108859981232842
3.04, 0.8759200078299585
3.05, 1.1198019876857335
3.06, 1.560007522124894
3.07, 2.3323623565976512
3.08, 1.6263386953450027
3.09, 1.1967891756443851
3.1, 1.7506415758891234
3.11, 0.8767746281882409
3.12, 1.9162643205929666
3.13, 3.2319244749410494
3.14, 1.8437909282249145
3.15, 2.849974950353316
3.16, 2.121968786996617
3.17, 0.6924550671883326
3.18, 1.504259593946478
3.19, 1.0171722671322307
3.2, 2.853901658766726
3.21, 0.9418431770017051
3.22, 1.3120178605819355
3.23, 1.3886040850589842
3.24, 1.663829358651975
3.25, 3.601527261768183
3.26, 1.87099739242277
3.27, 1.3423227811428449
3.28, 1.9107266062205917
3.29, 1.3569251713644226
3.3, 1.6356290665152904
3.31, 1.5667609124971327
3.32, 1.3152752152525637
3.33, 1.670638341197021
3.34, 1.9327936179798721
3.35, 1.7075067488331614
3.36, 1.6210809418805563
3.37, 0.8984157716649586
3.38, 1.7557229535223278
3.39, 1.5670389280680923
3.4, 0.9572986369500033
3.41, 1.033279912059463
3.42, 2.4998946944779656
3.43, 2.3705537238414025
3.44, 1.3483979010465932
3.45, 1.8776748448815708
3.46, 3.3095380470666615
3.47, 1.6478896611614617
3.48, 1.7768758120900394
3.49, 1.061821118060402
3.5, 1.1403614749211783
3.51, 2.5345201801463677
3.52, 2.2077490826556883
3.53, 2.151101025928701
3.54, 2.1117239002074224
3.55, 1.9357286230550517
3.56, 1.6026848575206185
3.57, 1.6772183136483527
3.58, 2.1758549652309194
3.59, 2.1948070037127487
3.6, 1.2723703480373718
3.61, 2.1708992737600075
3.62, 2.9374427962590954
3.63, 1.7075106876209203
3.64, 1.796726553586543
3.65, 1.6506746176454432
3.66, 1.0183749485767577
3.67, 1.6045606035200348
3.68, 1.5541168440668762
3.69, 1.7397552363404454
3.7, 1.5175732134464737
3.71, 1.5812484983485662
3.72, 3.5112867193122925
3.73, 2.4489304750156458
3.74, 1.1836968870781928
3.75, 2.0541969026460083
3.76, 2.095947197267483
3.77, 1.217261751033321
3.78, 1.034959346015975
3.79, 1.4486245130171558
3.8, 1.953843480545504
3.81, 1.2847880004314636
3.82, 1.5573075821395728
3.83, 1.5620301910642524
3.84, 2.253693944462289
3.85, 1.4419316273256833
3.86, 1.2351179969476316
3.87, 1.4625849152573893
3.88, 1.4812404149475487
3.89, 1.2162861124557778
3.9, 1.5942955764861804
3.91, 1.2048329816932652
3.92, 0.696107843179028
3.93, 1.1757919473178602
3.94, 2.8913778131415455
3.95, 1.8711017829873267
3.96, 1.3053218119298837
3.97, 1.136237589485813
3.98, 1.9893736537454083
3.99, 1.3368049983587411
4.0, 1.4185110905993494
4.01, 2.8495806798866545
4.02, 1.9839272289470473
4.03, 1.1990998320049278
4.04, 2.0081749053141476
4.05, 1.0075105116653724
4.06, 2.831781992170411
4.07, 1.9807724487953264
4.08, 1.5500479126989732
4.09, 1.4869617882603425
4.1, 1.6124890335623163
4.11, 1.3148161473809965
4.12, 1.1384770450753514
4.13, 2.315557527273638
4.14, 2.3898842188329708
4.15, 1.717425647768841
4.16, 2.020408758501099
4.17, 1.5747601162072171
4.18, 1.444182030513416
4.19, 1.7046241311648642
4.2, 1.0354997815752494
4.21, 1.470449264850087
4.22, 1.4372929710927607
4.23, 1.1788263302153248
4.24, 2.2466393272358145
4.25, 1.315369483118546
4.26, 3.938618231337298
4.27, 1.6354551068389702
4.28, 1.5610483111353288
4.29, 1.5407051823811089
4.3, 1.9188781234163788
4.31, 1.8148581152744971
4.32, 1.7970495316347328
4.33, 2.2671998538221607
4.34, 1.1744080531953087
4.35, 1.4040503125665826
4.36, 0.8857382867619147
4.37, 1.443577347288407
4.38, 1.735123950760833
4.39, 1.1484378553217012
4.4, 1.1688200355731662
4.41, 1.4560915042942304
4.42, 0.7506938995374972
4.43, 2.33209592411474
4.44, 1.7209590128790746
4.45, 1.1876187023786624
4.46, 1.2896768246911416
4.47, 1.3148566179398267
4.48, 1.6281469359965266
4.49, 1.74624975924887
4.5, 2.175730458545641
4.51, 1.5320014556863877
4.52, 2.123224886775505
4.53, 0.872992606355999
4.54, 1.7888229412368233
4.55, 1.9182029026224692
4.56, 1.5368054860791278
4.57, 1.7059858307993978
4.58, 1.6456978897109913
4.59, 3.14724221050156
4.6, 1.0755827689158166
4.61, 1.2588634561255325
4.62, 1.5072529273468351
4.63, 2.4022694587163667
4.64, 1.1208328005572272
4.65, 1.5362606390667903
4.66, 1.5237185332648575
4.67, 2.4862451658590103
4.68, 1.3762708077858046
4.69, 1.525588537173953
4.7, 1.1231622526733538
4.71, 1.8618147517600665
4.72, 1.251209692245692
4.73, 1.803634192631981
4.74, 1.2869522857658224
4.75, 1.1357758027465599
4.76, 1.110659522743767
4.77, 1.5209891998830278
4.78, 1.2280395848585455
4.79, 1.3819656860734324
4.8, 1.2742607363051133
4.81, 1.2308689558036674
4.82, 1.1901436906478648
4.83, 1.6158096395784045
4.84, 1.8889303288621042
4.85, 1.5948418635907362
4.86, 1.6986188541948584
4.87, 1.6298126108498332
4.88, 1.4256180446509708
4.89, 1.954422852399893
4.9, 1.5203947884425872
4.91, 1.0558332241574555
4.92, 1.5514428308119608
4.93, 1.194720246282275
4.94, 0.9805938648555588
4.95, 1.207509575812618
4.96, 1.9619087566500122
4.97, 1.6287228464170553
4.98, 1.4902193871149216
4.99, 1.070755580595441
5.0, 1.9736040982250458
5.01, 2.039372453355541
5.02, 1.6875771462645552
5.03, 1.167096882209355
5.04, 1.226306026674407
5.05, 1.0989853250387929
5.06, 2.085486884460627
5.07, 1.7519182721847735
5.08, 2.142727573446744
5.09, 1.9457355330169188
5.1, 1.9918071115324543
5.11, 2.133412764128109
5.12, 1.4588525160617112
5.13, 1.1122280100249793
5.14, 2.2589127357134404
5.15, 1.2959797284279693
5.16, 2.158236067749846
5.17, 2.1017313093247036
5.18, 1.7675695001997473
5.19, 0.7471555185755773
5.2, 1.7031746402972505
5.21, 1.3540817521301105
5.22, 1.132865786744245
5.23, 1.346984419413636
5.24, 0.9158728972900559
5.25, 1.9753755395227872
5.26, 1.299161314491478
5.27, 1.8613081606808202
5.28, 1.2599896360408112
5.29, 1.510611037504194
5.3, 1.5392949345245972
5.31, 1.3061943588500171
5.32, 1.5648543561231392
5.33, 2.092734144979918
5.34, 0.9211135450489907
5.35, 0.9227081846511948
5.36, 1.308487205152196
5.37, 1.0509783642622768
5.38, 1.634106373259108
5.39, 2.3139363559248824
5.4, 2.8264039394107865
5.41, 1.8028674269191
5.42, 2.8174537208072303
5.43, 2.5545692308771843
5.44, 1.4656806287972297
5.45, 1.2105742298064066
5.46, 1.9453938689991825
5.47, 1.0982870316799769
5.48, 2.960048538417468
5.49, 1.1030616367483537
5.5, 2.152546624592529
5.51, 1.1526539477694826
5.52, 2.736879880527632
5.53, 1.366891426828616
5.54, 1.2791377875449756
5.55, 2.389563086349335
5.56, 1.5666440370490167
5.57, 1.8567061253012915
5.58, 1.0017662183753218
5.59, 1.6888361571772477
5.6, 1.9849884933730073
5.61, 1.7979426962422578
5.62, 1.4539733587448052
5.63, 1.9425847925345077
5.64, 1.805874627568283
5.65, 1.8202485505987551
5.66, 1.0868093915878807
5.67, 1.8343318688830512
5.68, 1.4144583795940764
5.69, 1.6547044353756297
5.7, 2.3731622061395385
5.71, 1.4057981504316261
5.72, 1.2459346101598563
5.73, 1.6883913387769918
5.74, 1.9255071955777614
5.75, 1.3847696265148757
5.76, 1.0121748142041382
5.77, 2.1901310546911423
5.78, 3.0202950764060184
5.79, 1.2545989870312442
5.8, 1.9796393654375246
5.81, 1.7644155887242081
5.82, 1.132896183604799
5.83, 2.0312847755092562
5.84, 1.4859211111369497
5.85, 1.4071746980418007
5.86, 1.154195768691691
5.87, 1.940226900993951
5.88, 3.4394642348755533
5.89, 3.0122656448596166
5.9, 3.137970336097671
5.91, 2.404143786325188
5.92, 1.016340087859188
5.93, 2.700071483346356
5.94, 1.2801518038860256
5.95, 2.6533371006197575
5.96, 1.7040561619494097
5.97, 0.8599090766759165
5.98, 1.4738866079357382
5.99, 2.670303232173117
6.0, 1.750824799228317
6.01, 1.8236603396732658
6.02, 1.0559819536544939
6.03, 2.16290028764681
6.04, 1.4265261703346177
6.05, 1.9696325794773362
6.06, 1.5557623271768168
6.07, 1.98897918325995
6.08, 1.7130939709015935
6.09, 1.4642332944836154
6.1, 1.4573517468353738
6.11, 1.3546764014145865
6.12, 1.5221109996750064
6.13, 1.3810435335103322
6.14, 1.160243352893829
6.15, 1.3173093333539572
6.16, 2.7587321350744087
6.17, 1.2100687296912787
6.18, 1.0857284287498248
6.19, 2.0490026085491877
6.2, 1.4161303972671606
6.21, 2.006702150046353
6.22, 1.9721135491948998
6.23, 1.6183943385211372
6.24, 1.1421346111699997
6.25, 1.4870607323457852
6.26, 1.4597439128447964
6.27, 1.768614653857226
6.28, 2.325230372445431
6.29, 1.8190138686066113
6.3, 1.8040952941643047
6.31, 1.5425508645383612
6.32, 1.057832256096093
6.33, 1.1751612995010647
6.34, 0.7391182602056282
6.35, 0.9954550440038363
6.36, 1.0415344571057152
6.37, 1.4717879736001138
6.38, 2.062821713534295
6.39, 1.5193585717557248
6.4, 1.3270499460701088
6.41, 1.5056668409865945
6.42, 1.088123808809297
6.43, 1.4853924888815075
6.44, 1.576443716983605
6.45, 3.830618665193599
6.46, 1.086258686740415
6.47, 1.2152949441155871
6.48, 2.2873165446885304
6.49, 1.6688547743042783
6.5, 2.548640390120415
6.51, 1.4255824130394745
6.52, 1.8128421746400216
6.53, 1.4457092033588004
6.54, 1.5666975993179721
6.55, 1.3117835666652982
6.56, 1.0653849662921053
6.57, 1.2651642027804315
6.58, 1.9351019203625246
6.59, 1.4294759658914964
6.6, 2.0751867000500575
6.61, 2.529472560064188
6.62, 1.4173311087664127
6.63, 1.6395708251228542
6.64, 1.71023102537704
6.65, 3.2457960328251856
6.66, 2.146582667406416
6.67, 2.1365212504329127
6.68, 2.9615415070634534
6.69, 2.446107877974365
6.7, 1.6203499345344117
6.71, 2.6756204924913924
6.72, 1.7061929653389827
6.73, 1.5783961039282366
6.74, 1.8125400445796145
6.75, 1.545249998561086
6.76, 2.467296181075105
6.77, 1.193309082145405
6.78, 0.9891750239467765
6.79, 1.7163552506827344
6.8, 2.904962739492932
6.81, 1.1353413663204224
6.82, 1.3647663545403441
6.83, 1.6123505803606992
6.84, 1.791263354942576
6.85, 1.2500662139257235
6.86, 2.0375834473220142
6.87, 1.6530428527673326
6.88, 1.865113118308433
6.89, 2.198111654782806
6.9, 1.3227803304411223
6.91, 1.198492217442227
6.92, 1.6715054028144707
6.93, 1.9348391651193717
6.94, 1.586350416361957
6.95, 1.8818319131233392
6.96, 0.8720801794398967
6.97, 1.3631147178687746
6.98, 1.7128563947688908
6.99, 1.6668919978618304
7.0, 1.3694321522543018
